[app/ui]
version = 9.1.1
modtime = 1702033684.136251000

[app/launcher]
version = 9.1.1
modtime = 1702033684.140305000
